1. 
CREATE TABLE land_value_data_entity (
    land_id INT AUTO_INCREMENT PRIMARY KEY,
    price FLOAT,
    lat DOUBLE,
    lng DOUBLE
);

2.
INSERT INTO land_value_data_entity (lat, lng, price) VALUES
(13.09047, 74.78860, 100000),
(13.06572, 74.86367, 80000),
(12.99013, 74.79982, 150000),
(12.98143, 74.88221, 130000),
(13.04114, 74.79501, 130000),
(13.07108, 74.79638, 75000),
(13.02258, 74.79020, 100000),
(13.06272, 74.82145, 60000),
(13.06338, 74.84376, 90000),
(13.04399, 74.86848, 100000),
(13.02158, 74.86882, 60000),
(13.00736, 74.87706, 70000),
(12.98327, 74.85526, 90000),
(12.98344, 74.82694, 130000),
(13.00502, 74.84960, 100000),
(13.04967, 74.82282, 50000),
(13.03989, 74.84754, 30000),
(13.01898, 74.83089, 20000),
(13.00042, 74.82299, 40000),
(13.01848, 74.81080, 90000);
